15 30 300 4.0
15 30 300 4.5
15 30 300 5.0
15 30 300 5.5
15 30 400 4.0
15 30 400 4.5
15 30 400 5.0
15 30 400 5.5
15 30 500 4.0
15 30 500 4.5
15 30 500 5.0
15 30 500 5.5
15 60 300 4.0
15 60 300 4.5
15 60 300 5.0
15 60 300 5.5
15 60 400 4.0
15 60 400 4.5
15 60 400 5.0
15 60 400 5.5
15 60 500 4.0
15 60 500 4.5
15 60 500 5.0
15 60 500 5.5
45 30 300 4.0
45 30 300 4.5
45 30 300 5.0
45 30 300 5.5
45 30 400 4.0
45 30 400 4.5
45 30 400 5.0
45 30 400 5.5
45 30 500 4.0
45 30 500 4.5
45 30 500 5.0
45 30 500 5.5
45 60 300 4.0
45 60 300 4.5
45 60 300 5.0
45 60 300 5.5
45 60 400 4.0
45 60 400 4.5
45 60 400 5.0
45 60 400 5.5
45 60 500 4.0
45 60 500 4.5
45 60 500 5.0
45 60 500 5.5
135 30 300 4.0
135 30 300 4.5
135 30 300 5.0
135 30 300 5.5
135 30 400 4.0
135 30 400 4.5
135 30 400 5.0
135 30 400 5.5
135 30 500 4.0
135 30 500 4.5
135 30 500 5.0
135 30 500 5.5
135 60 300 4.0
135 60 300 4.5
135 60 300 5.0
135 60 300 5.5
135 60 400 4.0
135 60 400 4.5
135 60 400 5.0
135 60 400 5.5
135 60 500 4.0
135 60 500 4.5
135 60 500 5.0
135 60 500 5.5
165 30 300 4.0
165 30 300 4.5
165 30 300 5.0
165 30 300 5.5
165 30 400 4.0
165 30 400 4.5
165 30 400 5.0
165 30 400 5.5
165 30 500 4.0
165 30 500 4.5
165 30 500 5.0
165 30 500 5.5
165 60 300 4.0
165 60 300 4.5
165 60 300 5.0
165 60 300 5.5
165 60 400 4.0
165 60 400 4.5
165 60 400 5.0
165 60 400 5.5
165 60 500 4.0
165 60 500 4.5
165 60 500 5.0
165 60 500 5.5
