0 30 300 4.0
0 30 300 4.5
0 30 300 5.0
0 30 300 5.5
0 30 400 4.0
0 30 400 4.5
0 30 400 5.0
0 30 400 5.5
0 30 500 4.0
0 30 500 4.5
0 30 500 5.0
0 30 500 5.5
0 60 300 4.0
0 60 300 4.5
0 60 300 5.0
0 60 300 5.5
0 60 400 4.0
0 60 400 4.5
0 60 400 5.0
0 60 400 5.5
0 60 500 4.0
0 60 500 4.5
0 60 500 5.0
0 60 500 5.5
30 30 300 4.0
30 30 300 4.5
30 30 300 5.0
30 30 300 5.5
30 30 400 4.0
30 30 400 4.5
30 30 400 5.0
30 30 400 5.5
30 30 500 4.0
30 30 500 4.5
30 30 500 5.0
30 30 500 5.5
30 60 300 4.0
30 60 300 4.5
30 60 300 5.0
30 60 300 5.5
30 60 400 4.0
30 60 400 4.5
30 60 400 5.0
30 60 400 5.5
30 60 500 4.0
30 60 500 4.5
30 60 500 5.0
30 60 500 5.5
60 30 300 4.0
60 30 300 4.5
60 30 300 5.0
60 30 300 5.5
60 30 400 4.0
60 30 400 4.5
60 30 400 5.0
60 30 400 5.5
60 30 500 4.0
60 30 500 4.5
60 30 500 5.0
60 30 500 5.5
60 60 300 4.0
60 60 300 4.5
60 60 300 5.0
60 60 300 5.5
60 60 400 4.0
60 60 400 4.5
60 60 400 5.0
60 60 400 5.5
60 60 500 4.0
60 60 500 4.5
60 60 500 5.0
60 60 500 5.5
90 30 300 4.0
90 30 300 4.5
90 30 300 5.0
90 30 300 5.5
90 30 400 4.0
90 30 400 4.5
90 30 400 5.0
90 30 400 5.5
90 30 500 4.0
90 30 500 4.5
90 30 500 5.0
90 30 500 5.5
90 60 300 4.0
90 60 300 4.5
90 60 300 5.0
90 60 300 5.5
90 60 400 4.0
90 60 400 4.5
90 60 400 5.0
90 60 400 5.5
90 60 500 4.0
90 60 500 4.5
90 60 500 5.0
90 60 500 5.5
120 30 300 4.0
120 30 300 4.5
120 30 300 5.0
120 30 300 5.5
120 30 400 4.0
120 30 400 4.5
120 30 400 5.0
120 30 400 5.5
120 30 500 4.0
120 30 500 4.5
120 30 500 5.0
120 30 500 5.5
120 60 300 4.0
120 60 300 4.5
120 60 300 5.0
120 60 300 5.5
120 60 400 4.0
120 60 400 4.5
120 60 400 5.0
120 60 400 5.5
120 60 500 4.0
120 60 500 4.5
120 60 500 5.0
120 60 500 5.5
150 30 300 4.0
150 30 300 4.5
150 30 300 5.0
150 30 300 5.5
150 30 400 4.0
150 30 400 4.5
150 30 400 5.0
150 30 400 5.5
150 30 500 4.0
150 30 500 4.5
150 30 500 5.0
150 30 500 5.5
150 60 300 4.0
150 60 300 4.5
150 60 300 5.0
150 60 300 5.5
150 60 400 4.0
150 60 400 4.5
150 60 400 5.0
150 60 400 5.5
150 60 500 4.0
150 60 500 4.5
150 60 500 5.0
150 60 500 5.5
180 30 300 4.0
180 30 300 4.5
180 30 300 5.0
180 30 300 5.5
180 30 400 4.0
180 30 400 4.5
180 30 400 5.0
180 30 400 5.5
180 30 500 4.0
180 30 500 4.5
180 30 500 5.0
180 30 500 5.5
180 60 300 4.0
180 60 300 4.5
180 60 300 5.0
180 60 300 5.5
180 60 400 4.0
180 60 400 4.5
180 60 400 5.0
180 60 400 5.5
180 60 500 4.0
180 60 500 4.5
180 60 500 5.0
180 60 500 5.5
